Instancia	tiempo (mseg)	solución	ciclo
ALBAIDAA	179				4422		[0, 1, 7, 23, 29, 30, 35, 39, 40, 77, 80, 81, 77, 76, 39, 38, 74, 75, 78, 79, 80, 89, 88, 85, 84, 86, 58, 90, 91, 93, 96, 95, 94, 72, 83, 73, 48, 57, 61, 62, 66, 65, 70, 69, 68, 64, 59, 60, 56, 54, 49, 41, 47, 33, 34, 29, 24, 25, 19, 14, 10, 5, 4, 3, 8, 7, 1, 0]
ALBAIDAB	162				3315		[0, 3, 6, 15, 21, 22, 23, 25, 34, 35, 69, 72, 71, 68, 67, 70, 76, 75, 73, 74, 65, 43, 42, 36, 37, 45, 46, 38, 39, 40, 48, 41, 49, 44, 36, 42, 43, 51, 50, 54, 53, 57, 60, 61, 62, 63, 64, 74, 82, 52, 77, 75, 76, 78, 79, 71, 70, 67, 66, 33, 30, 29, 24, 25, 26, 31, 32, 27, 18, 17, 13, 11, 12, 7, 6, 5, 2, 1, 0]
P01NoRPP	84				3			[0, 1, 0]
P20NoRPP	90				47			[0, 2, 1, 9, 10, 11, 8, 7, 6, 4, 0]
P03NoRPP	102				38			[0, 1, 3, 4, 26, 21, 27, 23, 24, 27, 26, 6, 8, 10, 12, 13, 11, 9, 7, 5, 4, 3, 1, 0]
P04NoRPP	91				42			[0, 1, 3, 2, 5, 6, 11, 12, 13, 16, 14, 15, 16, 12, 9, 6, 7, 4, 3, 0]
P05NoRPP	94				35			[0, 1, 2, 3, 4, 15, 14, 13, 6, 7, 8, 11, 12, 16, 17, 18, 19, 4, 5, 0]
P06NoRPP	98				45			[0, 17, 18, 14, 16, 15, 23, 21, 22, 9, 8, 6, 5, 4, 3, 2, 1, 0]
P07NoRPP	96				43			[0, 16, 17, 20, 19, 22, 20, 18, 8, 9, 10, 13, 14, 0]
P08NoRPP
P09NoRPP
P10NoRPP
P11NoRPP
P12NoRPP
P13NoRPP
P14NoRPP
P15NoRPP
P16NoRPP
P17NoRPP
P18NoRPP
P19NoRPP
P20NoRPP
P21NoRPP
P22NoRPP
P23NoRPP
P24NoRPP



